914
414 203
111 112
81 277
136 110
330 13
91 119
44 69
697 36
42 298
351 133
731 876
840 12
173 335
215 459
31 66
126 83
510 77
31 68
310 587
221 35
480 402
60 37
1 12
348 790
434 481
13 30
273 85
177 257
5 3
73 55
145 279
102 68
657 672
608 70
242 694
284 287
103 2
462 177
793 190
392 776
701 195
177 366
48 302
690 725
193 328
196 594
48 276
837 555
677 538
512 447
421 220
235 158
881 111
124 551
297 72
129 10
168 101
115 132
68 851
85 101
50 99
572 158
94 82
799 439
482 471
123 365
288 177
846 23
225 25
743 443
23 18
63 632
232 712
446 319
473 623
482 591
835 575
59 211
623 784
542 644
494 777
43 140
534 178
17 116
345 357
332 472
654 794
791 749
149 343
295 142
86 345
758 703
401 384
524 383
100 163
122 88
711 520
584 685
638 29
395 93
479 576
720 833
14 11
515 208
860 393
157 647
422 722
340 905
55 76
1 9
527 235
213 25
98 243
800 190
814 365
815 842
144 460
262 808
486 745
31 11
394 208
108 352
96 415
176 134
84 167
413 289
125 111
18 263
224 268
156 556
281 49
18 15
749 17
9 193
73 563
113 144
590 621
192 504
344 250
570 320
9 539
736 523
783 891
25 151
76 148
13 55
692 328
65 100
121 103
44 561
734 170
606 803
156 274
9 546
427 545
469 286
2 558
811 545
358 246
370 430
314 255
143 203
63 291
20 59
542 431
567 116
331 383
19 6
195 19
11 329
586 476
254 438
854 789
598 217
109 7
169 714
5 543
336 730
832 27
431 153
375 513
2 1
325 168
422 164
485 781
819 710
699 582
19 52
79 640
222 588
139 453
158 495
180 115
208 54
493 661
164 616
197 176
501 374
495 691
304 74
584 535
554 723
316 95
788 369
348 227
413 497
645 747
89 186
87 868
45 97
2 6
209 614
360 8
798 629
441 35
17 326
769 465
676 288
58 139
161 1
405 66
552 143
531 145
695 590
28 13
448 446
591 839
318 224
147 334
13 719
660 19
19 289
889 84
648 631
322 50
147 284
713 363
541 589
204 280
625 8
451 449
26 20
319 636
41 45
168 547
746 575
715 15
66 887
464 154
442 392
239 35
452 234
299 906
368 68
57 75
166 824
892 455
3 47
883 894
186 240
280 626
266 408
174 49
40 757
122 427
267 444
450 237
129 159
549 466
744 506
123 183
489 359
575 313
33 123
630 448
74 867
530 771
62 582
321 101
505 299
21 22
772 425
645 305
279 912
173 332
813 4
562 46
343 474
874 214
643 159
85 74
231 285
338 766
113 2
76 201
704 521
127 80
64 650
462 573
860 910
603 143
512 658
417 329
52 92
34 108
486 77
759 129
519 133
152 718
231 262
560 51
173 461
2 236
864 745
115 84
888 662
863 488
650 775
293 212
51 72
86 142
146 143
53 42
231 162
312 447
735 459
470 456
248 532
838 300
778 201
280 706
768 77
161 624
4 253
97 152
104 857
536 110
251 173
419 754
181 522
160 123
729 309
559 35
192 518
533 419
138 809
904 176
529 499
792 521
71 261
560 726
158 34
841 19
104 143
14 27
518 717
79 35
639 56
375 693
565 135
304 465
411 601
646 41
651 253
331 237
740 880
156 128
391 330
733 265
434 68
24 707
181 57
428 258
311 198
392 847
181 440
622 73
506 223
333 845
318 377
554 292
184 8
61 604
507 254
619 63
602 269
508 328
607 468
449 15
210 132
816 786
374 467
232 14
88 96
43 31
104 33
834 124
897 690
590 674
80 36
30 214
233 226
703 536
8 456
399 317
33 40
473 366
202 433
371 178
33 86
817 420
305 79
325 810
3 38
18 207
46 19
145 111
20 14
605 537
24 157
259 109
112 153
654 40
877 160
359 236
799 802
753 51
80 494
182 122
318 416
730 797
162 161
457 241
246 33
11 4
561 656
872 482
447 818
213 403
133 25
417 770
628 294
289 678
315 117
169 681
124 99
107 324
114 69
290 127
455 446
599 533
830 811
741 499
379 198
88 74
538 128
64 21
13 1
24 20
65 28
612 31
173 144
408 675
418 806
363 216
513 673
566 246
386 166
82 244
498 286
267 282
128 178
36 12
469 521
384 25
272 380
286 54
275 60
206 629
240 732
220 387
395 479
314 361
167 690
170 4
86 222
330 878
29 39
30 909
298 831
537 118
399 879
319 80
866 578
202 215
385 762
248 686
822 162
406 228
205 5
826 671
126 577
649 468
418 398
57 19
184 667
882 752
592 169
870 95
610 602
41 6
206 229
895 311
396 633
179 372
234 843
843 855
190 172
34 44
574 503
63 7
312 288
782 369
389 126
499 320
123 137
555 232
913 460
268 820
205 528
783 295
687 274
301 197
564 480
396 57
337 721
698 295
194 89
434 890
95 120
179 175
439 248
218 67
101 117
437 262
3 61
410 263
488 196
187 126
896 423
156 875
252 53
90 200
22 373
829 5
309 310
4 8
53 105
301 445
446 902
274 397
454 162
141 209
578 489
514 390
245 237
751 760
180 780
14 198
200 204
116 742
29 134
553 282
381 359
51 21
21 93
272 197
4 25
10 56
748 692
642 85
520 361
260 134
525 517
908 826
223 579
537 724
212 92
83 45
665 576
230 196
112 135
211 364
823 100
10 118
347 189
223 787
487 779
353 502
590 463
666 279
899 259
33 189
756 676
140 827
861 399
557 683
455 688
400 571
75 220
184 271
821 869
13 192
54 5
95 34
611 502
233 871
60 89
175 337
901 171
728 699
700 471
494 898
524 914
487 183
10 8
516 345
340 129
198 853
583 663
250 49
353 710
402 174
737 22
112 247
266 738
171 17
375 294
40 185
774 414
530 535
315 716
541 113
154 148
100 299
549 613
219 188
620 439
659 662
446 815
224 68
300 96
227 52
3 58
627 299
669 641
429 217
653 204
255 81
169 606
118 755
581 327
211 763
114 155
145 216
911 887
376 240
679 152
403 893
278 92
327 91
5 35
593 89
14 21
103 836
858 624
203 702
411 6
739 600
8 228
514 812
149 110
303 288
499 767
349 118
561 580
87 306
264 52
177 60
223 25
118 680
60 84
468 157
217 24
3 15
188 85
238 115
463 412
420 24
172 765
369 143
490 191
530 482
761 87
249 727
853 885
631 332
432 366
46 199
155 242
849 248
106 339
5 7
523 431
17 6
4 3
29 26
526 269
362 20
128 409
38 62
381 668
107 393
862 23
821 182
496 439
49 67
341 825
457 740
158 548
286 466
281 635
226 76
309 137
795 104
78 43
86 346
2 804
425 25
165 3
363 583
241 148
234 148
241 856
483 330
210 485
436 191
115 338
102 419
628 801
491 509
245 258
374 217
472 500
87 355
166 424
141 6
266 260
393 398
600 312
785 330
378 55
16 13
292 336
137 267
54 435
107 44
886 234
38 248
6 37
33 31
751 378
131 86
326 544
370 336
585 300
550 158
48 25
4 764
356 109
26 111
850 489
256 122
54 388
471 324
3 70
64 237
317 186
208 568
848 602
74 87
458 343
296 287
213 511
655 407
227 709
517 330
249 192
615 313
596 659
300 907
752 243
265 8
303 634
292 182
82 40
336 484
40 569
98 11
147 94
301 852
786 389
492 117
664 661
50 503
545 557
870 903
333 382
708 609
172 88
29 696
61 307
294 213
171 750
283 39
773 436
74 72
807 173
261 367
5 412
71 50
789 139
333 151
129 671
491 402
164 156
206 119
338 641
28 49
